-94.0
-94.0
-20.0
-41.0
-70.0
-43.0
-23.0
-28.0
-26.0
-31.0
-17.0
-32.0
-18.0
-28.0
-20.0
-25.0
-26.0
-22.0
-24.0
-19.0
-13.0
-10.0
-20.0
-33.0
-27.0
-22.0
-18.0
-39.0
-13.0
-27.0
-16.0
-28.0
-27.0
-28.0
-2.0
-4.0
18.0
29.0
10.0
14.0
9.0
4.0
21.0
21.0
9.0
29.0
31.0
35.0
39.0
55.0
48.0
46.0
36.0
55.0
48.0
51.0
58.0
40.0
47.0
45.0
44.0
61.0
46.0
54.0
68.0
63.0
71.0
69.0
61.0
67.0
60.0
49.0
51.0
56.0
58.0
71.0
57.0
56.0
53.0
59.0
59.0
51.0
58.0
53.0
51.0
54.0
73.0
65.0
55.0
60.0
54.0
74.0
72.0
34.0
56.0
56.0
63.0
50.0
60.0
70.0
62.0
48.0
64.0
68.0
56.0
62.0
46.0
55.0
63.0
56.0
75.0
69.0
62.0
59.0
55.0
65.0
58.0
56.0
79.0
58.0
64.0
53.0
61.0
59.0
76.0
51.0
61.0
77.0
67.0
58.0
57.0
60.0
53.0
64.0
52.0
59.0
52.0
58.0
65.0
66.0
61.0
57.0
59.0
57.0
70.0
46.0
74.0
59.0
61.0
63.0
60.0
55.0
59.0
65.0
67.0
60.0
65.0
63.0
77.0
72.0
68.0
81.0
61.0
69.0
72.0
75.0
69.0
64.0
58.0
75.0
51.0
70.0
72.0
67.0
62.0
61.0
71.0
68.0
82.0
70.0
61.0
70.0
76.0
77.0
59.0
63.0
69.0
65.0
77.0
62.0
60.0
70.0
62.0
76.0
61.0
59.0
68.0
73.0
52.0
60.0
75.0
79.0
54.0
76.0
66.0
46.0
80.0
63.0
61.0
77.0
73.0
84.0
65.0
69.0
72.0
73.0
61.0
77.0
51.0
60.0
73.0
66.0
72.0
56.0
71.0
68.0
63.0
62.0
49.0
57.0
48.0
76.0
71.0
68.0
67.0
56.0
64.0
62.0
47.0
53.0
41.0
59.0
63.0
51.0
62.0
76.0
76.0
64.0
50.0
50.0
52.0
69.0
64.0
64.0
73.0
62.0
54.0
57.0
64.0
57.0
65.0
60.0
77.0
62.0
79.0
76.0
73.0
64.0
60.0
66.0
48.0
69.0
50.0
52.0
63.0
61.0
67.0
53.0
61.0
57.0
42.0
78.0
80.0
68.0
71.0
73.0
51.0
68.0
70.0
71.0
74.0
61.0
74.0
65.0
54.0
74.0
69.0
64.0
60.0
67.0
73.0
65.0
55.0
65.0
71.0
63.0
68.0
66.0
68.0
76.0
65.0
61.0
69.0
64.0
53.0
50.0
58.0
61.0
64.0
72.0
57.0
70.0
73.0
73.0
67.0
55.0
48.0
80.0
74.0
74.0
64.0
69.0
53.0
58.0
60.0
57.0
75.0
55.0
68.0
59.0
63.0
60.0
66.0
59.0
70.0
65.0
70.0
70.0
81.0
67.0
62.0
85.0
61.0
64.0
60.0
63.0
67.0
64.0
62.0
63.0
61.0
64.0
73.0
79.0
59.0
67.0
68.0
64.0
57.0
61.0
60.0
75.0
63.0
71.0
78.0
80.0
78.0
66.0
65.0
69.0
68.0
60.0
78.0
72.0
61.0
53.0
70.0
53.0
64.0
68.0
62.0
52.0
59.0
58.0
65.0
53.0
82.0
61.0
62.0
76.0
59.0
63.0
57.0
63.0
59.0
68.0
76.0
69.0
72.0
78.0
65.0
71.0
74.0
62.0
66.0
65.0
67.0
51.0
75.0
61.0
72.0
58.0
66.0
61.0
49.0
59.0
54.0
67.0
63.0
47.0
64.0
57.0
69.0
57.0
70.0
73.0
77.0
77.0
72.0
62.0
67.0
67.0
63.0
53.0
50.0
61.0
46.0
69.0
83.0
79.0
81.0
68.0
67.0
68.0
69.0
77.0
76.0
65.0
73.0
57.0
68.0
65.0
79.0
66.0
80.0
76.0
82.0
68.0
68.0
62.0
59.0
74.0
65.0
66.0
46.0
74.0
46.0
62.0
67.0
71.0
69.0
64.0
49.0
64.0
62.0
59.0
65.0
68.0
69.0
58.0
68.0
73.0
75.0
79.0
78.0
56.0
67.0
78.0
70.0
62.0
63.0
71.0
64.0
67.0
62.0
72.0
76.0
77.0
79.0
78.0
78.0
67.0
65.0
88.0
69.0
57.0
62.0
57.0
67.0
63.0
56.0
74.0
74.0
79.0
68.0
66.0
59.0
50.0
54.0
65.0
68.0
78.0
80.0
80.0
71.0
54.0
68.0
56.0
67.0
69.0
61.0
81.0
60.0
66.0
68.0
78.0
73.0
48.0
65.0
51.0
78.0
70.0
66.0
75.0
73.0
75.0
88.0
79.0
65.0
73.0
70.0
57.0
75.0
58.0
64.0
46.0
62.0
72.0
58.0
60.0
66.0
70.0
86.0
79.0
65.0
69.0
79.0
65.0
65.0
58.0
65.0
66.0
64.0
72.0
77.0
51.0
56.0
49.0
65.0
62.0
58.0
63.0
69.0
86.0
72.0
72.0
82.0
82.0
76.0
61.0
54.0
74.0
53.0
74.0
63.0
56.0
68.0
64.0
80.0
73.0
74.0
66.0
74.0
73.0
51.0
66.0
73.0
70.0
73.0
66.0
77.0
79.0
56.0
71.0
70.0
73.0
71.0
85.0
63.0
69.0
61.0
64.0
65.0
61.0
75.0
64.0
61.0
72.0
60.0
81.0
81.0
53.0
79.0
74.0
66.0
64.0
73.0
57.0
65.0
62.0
71.0
59.0
71.0
70.0
56.0
71.0
69.0
66.0
74.0
70.0
71.0
56.0
77.0
80.0
81.0
56.0
67.0
72.0
73.0
75.0
81.0
71.0
69.0
72.0
55.0
58.0
68.0
55.0
52.0
66.0
71.0
68.0
70.0
62.0
51.0
65.0
73.0
74.0
48.0
63.0
68.0
72.0
61.0
60.0
66.0
70.0
72.0
65.0
65.0
63.0
75.0
70.0
79.0
74.0
82.0
67.0
66.0
64.0
69.0
75.0
73.0
75.0
81.0
78.0
56.0
64.0
70.0
61.0
64.0
75.0
75.0
70.0
78.0
73.0
68.0
66.0
63.0
79.0
65.0
73.0
87.0
53.0
71.0
74.0
70.0
79.0
74.0
74.0
74.0
65.0
76.0
69.0
71.0
70.0
69.0
58.0
57.0
71.0
73.0
56.0
54.0
60.0
75.0
79.0
80.0
61.0
61.0
78.0
67.0
66.0
69.0
55.0
74.0
88.0
71.0
56.0
55.0
69.0
67.0
67.0
73.0
73.0
66.0
57.0
55.0
50.0
59.0
61.0
56.0
59.0
56.0
68.0
74.0
74.0
64.0
82.0
72.0
66.0
59.0
79.0
85.0
69.0
61.0
60.0
75.0
86.0
68.0
55.0
65.0
77.0
64.0
54.0
53.0
53.0
63.0
72.0
92.0
79.0
74.0
75.0
60.0
74.0
82.0
62.0
57.0
61.0
65.0
77.0
78.0
69.0
63.0
62.0
61.0
51.0
42.0
78.0
64.0
50.0
59.0
49.0
74.0
71.0
50.0
67.0
65.0
56.0
65.0
59.0
57.0
56.0
56.0
69.0
61.0
66.0
82.0
73.0
63.0
65.0
70.0
50.0
60.0
62.0
56.0
71.0
82.0
58.0
96.0
80.0
75.0
66.0
66.0
51.0
76.0
62.0
56.0
49.0
52.0
63.0
66.0
65.0
59.0
69.0
68.0
89.0
77.0
80.0
74.0
67.0
74.0
66.0
84.0
93.0
67.0
57.0
80.0
76.0
45.0
55.0
56.0
46.0
72.0
56.0
66.0
59.0
66.0
67.0
71.0
72.0
61.0
58.0
65.0
50.0
58.0
68.0
69.0
64.0
65.0
64.0
61.0
64.0
66.0
56.0
73.0
73.0
76.0
70.0
71.0
67.0
67.0
73.0
67.0
74.0
64.0
82.0
61.0
71.0
43.0
72.0
71.0
76.0
76.0
61.0
55.0
68.0
52.0
77.0
78.0
70.0
72.0
66.0
71.0
61.0
69.0
53.0
80.0
66.0
78.0
69.0
63.0
81.0
62.0
52.0
76.0
60.0
68.0
68.0
68.0
58.0
78.0
75.0
78.0
50.0
54.0
74.0
60.0
91.0
51.0
50.0
58.0
56.0
54.0
47.0
48.0
53.0
56.0
69.0
57.0
67.0
67.0
71.0
69.0
71.0
66.0
60.0
62.0
63.0
57.0
56.0
64.0
58.0
62.0
62.0
52.0
73.0
60.0
63.0
64.0
71.0
75.0
84.0
